-58.569461
-68.790277
-65.892841
-49.825548
-64.096607
-57.923512
-64.271719
-57.952226
-37.720056
-69.782186
-63.225012
-46.872844
-75.621264
-71.787123
-75.14792
-63.793646
-75.035164
-63.044245
-77.785917
-72.639787
-79.851935
-49.178688
-69.801977
-71.026254
-59.401214
-58.03962
-69.467877
-63.133837
-63.351067
-67.138125
-51.020932
-76.175226
-59.574032
-67.624624
-65.949145
-71.739304
-61.245473
-62.385009
-56.19104
-70.159116
-67.404538
-58.35434
-69.930641
-59.921917
-64.077327
-66.217696
-73.19818
-52.831014
-70.041634
-80.115799
-78.248286
-82.962552
-45.332631
-60.329375
-72.18673
-57.21597
-77.014855
-80.774906
-81.299637
-81.916121
-69.721108
-72.087393
-42.530717
-63.214153
-59.311565
-68.886691
-60.202789
-74.059792
-81.064494
-76.492872
-73.1519
-70.238859
-64.481409
-72.49425
-70.963488
-70.174754
-68.796356
-71.044899
-71.804904
-76.417711
-72.838279
-77.72382
-87.707683
-88.083308
-84.376833
-87.545412
-85.843158
-80.310681
-84.582854
-91.52011
-85.14725
-89.020234
-86.139603
-87.110891
-85.445329
-90.853426
-89.165558
-91.534485
-88.079119
-89.283559
-86.088319
-93.843451
-88.965249
-94.906856
-87.105969
-90.382465
-94.349423
-93.913958
-91.790475
-89.738365
-92.812629
-89.936542
-88.14175
-94.571279
-85.890361
-94.172477
-92.576911
-91.905539
-91.0965
-93.898665
-94.976606
-91.208487
-90.908394
-93.890385
-89.055068
-95.197393
-93.890507
-94.609466
-90.797691
-92.868138
-91.808593
-91.622176
-92.521639
-91.440758
-92.727885
-93.863332
-92.301916
-91.727711
-92.860193
-95.081608
-92.959274
-95.246455
-94.491706
-93.321148
-92.92591
-93.537957
-90.907088
-92.48631
-92.773199
-93.740761
-95.290304
-92.869025
-93.7253
-92.934368
-94.054702
-92.606831
-94.581535
-94.792724
-93.213432
-93.966907
-93.366306
-93.075074
-95.449772
-94.637183
-95.356787
-92.643705
-92.308767
-94.167328
-92.853772
-93.485765
-93.784443
-94.642706
-94.513441
-95.723035
-93.881198
-94.143088
-94.717233
-93.753972
-93.57921
-93.105244
-92.800585
-93.192904
-93.370593
-95.976055
-94.600493
-92.090669
-93.475324
-94.889898
-95.163001
-95.209339
-94.14776
-95.023735
-94.767816
-93.604846
-95.796538
-93.91764
-93.51268
-92.11474
-93.604506
-92.917742
-92.174831
-94.552757
-93.593604
-93.819264
-95.076292
-92.369115
-95.117549
-92.384963
-93.647353
-93.700557
-92.628218
-92.730153
-95.37656
-94.980832
-92.959845
-95.416904
-93.671111
-92.935259
-92.90824
-94.185482
-93.780691
-95.803437
-92.719423
-93.764161
-95.712923
-92.555371
-94.347876
-93.958494
-93.528662
-93.997835
-92.316293
-93.646841
-93.360808
-95.339807
-92.464022
-93.915054
-94.393592
-93.652698
-92.225149
-93.468359
-91.803907
-93.638426
-93.143499
-93.874088
-93.527796
-94.85188
-94.751316
-92.426985
-95.504543
-93.875029
-93.572277
-92.988048
-92.733648
-94.160301
-92.446921
-93.076717
-95.398393
-93.537467
-92.392596
-94.588053
-94.143397
-93.233344
-93.678202
-95.09436
-92.747645
-94.88843
-94.822483
-92.079118
-93.592416
-93.261705
-91.981147
-92.401369
-93.475502
-92.095914
-95.02705
-93.686525
-93.731216
-93.547529
-95.1923
-93.388386
-95.583515
-94.73164
-93.453093
-94.663562
-95.048567
-92.711362
-92.883739
-94.605051
-93.885827
-94.326778
-93.011926
-92.277763
-93.985324
-95.926408
-93.829601
-94.989895
-93.486933
-93.746581
-93.239555