-46.002608
-46.939557
-58.493637
-46.341281
-46.642314
-47.36322
-48.758748
-48.988027
-49.483542
-50.124986
-46.099438
-50.896486
-47.780147
-49.70369
-48.940113
-50.603324
-49.741695
-49.347716
-48.934491
-49.888358
-50.120107
-49.913475
-46.58045
-49.636065
-47.688503
-47.356857
-47.100003
-47.998232
-47.096532
-45.11277
-46.668555
-46.535473
-46.397793
-45.894095
-47.688038
-50.091589
-45.554221
-47.446339
-47.304168
-46.077942
-47.726245
-45.927007
-47.887654
-49.221595
-49.127471
-47.521587
-48.564384
-45.212225
-47.848639
-60.486757
-46.564099
-34.19115
-45.415354
-47.507054
-47.269848
-34.193956
-45.792808
-58.977729
-58.396415
-58.562822
-59.308159
-45.069208
-56.271244
-55.928589
-54.861133
-58.545933
-44.887911
-52.007301
-56.471826
-54.193449
-53.870998
-50.906721
-48.156902
-55.754045
-48.146666
-47.742465
-44.609717
-53.730508
-46.035805
-49.164466
-46.229168
-46.256782
-45.089145
-56.643508
-44.896584
-46.449128
-44.436181
-55.389937
-62.988266
-52.049169
-51.293083
-63.181033
-51.748982
-64.071559
-57.858806
-57.467123
-58.838854
-54.050939
-49.206448
-52.658299
-47.861756
-36.986173
-35.540728
-32.830014
-31.447938
-38.814487
-42.822968
-64.482622
-38.997292
-37.600103
-37.55308
-66.172497
-43.42979
-47.032942
-40.160286
-41.617842
-40.6665
-57.584748
-55.309088
-66.740956
-65.752478
-55.133414
-61.602031
-39.179009
-42.861178
-58.142936
-61.011242
-70.635911
-62.987048
-39.182129
-40.376219
-45.847465
-48.324972
-30.578268
-53.200986
-54.268835
-37.938675
-43.64765
-46.066359
-43.671225
-64.499344
-45.13084
-57.271161
-53.801671
-52.752695
-45.942898
-44.944655
-47.291819
-55.673043
-45.976433
-64.051843
-46.44203
-47.419289
-47.9671
-48.353063
-53.684256
-55.750034
-54.406564
-55.887185
-39.399499
-47.365059
-62.066099
-49.376266
-64.338856
-64.592209
-52.898245
-54.771525
-66.474659
-55.298473
-56.609776
-51.505517
-60.895751
-56.630398
-49.599107
-50.961037
-52.169277
-56.98457
-61.381965
-63.603417
-63.425136
-63.124507
-64.525627
-66.555072
-66.976544
-67.214506
-69.162851
-68.976188
-72.130788
-70.86299
-69.358159
-69.707723
-69.774809
-71.600923
-71.155302
-70.263055
-69.060046
-69.033756
-69.865954
-68.444822
-70.549185
-68.847959
-68.645721
-70.229491
-70.652251
-71.832855
-72.916256
-72.331451
-72.911064
-70.759935
-69.251022
-70.131486
-70.367976
-70.335854
-71.25661
-69.273145
-68.919131
-69.470786
-69.508863
-68.893842
-69.355592
-68.19867
-70.9485
-68.958907
-72.1465
-69.917487
-70.386225
-67.359624
-69.724598
-72.222841
-71.06092
-72.311163
-71.58655
-72.332731
-71.639708
-69.672733
-71.28826
-71.684253
-70.066456
-71.934917
-70.842472
-72.215025
-72.406583
-72.68879
-70.581706
-70.136561
-73.293876
-73.136943
-72.664257
-70.464829
-72.636167
-70.744557
-73.953133
-72.729132
-71.94469
-73.742843
-71.012803
-72.917514
-70.659222
-71.884375
-70.893954
-73.283393
-72.083548
-72.403684
-70.528264
-70.237424
-71.053185
-70.12263
-70.766956
-71.354174
-72.331482
-72.44255
-71.306032
-70.2037
-72.365176
-71.358398
-71.772541
-72.513925
-73.757557
-72.684053
-73.047471
-72.253827
-72.592709
-72.821935
-74.542473
-74.168796
-76.913531
-74.029506
-74.703407
-76.6326
-76.049653
-76.081052
-75.942746
-74.850101
-77.524818
-75.563227
-76.887338
-76.309375
-76.868591
-76.183716
-76.892539
-76.307629
-77.842965
-77.947681
-77.054875
-77.043824
-76.549461
-76.699011
-76.999308
-76.221604
-75.840616
-76.310344
-76.473217
-76.893413
-77.646746
-77.331314
-76.925492
-76.44799
-76.177435
-75.226758
-75.207156
-76.3048
-76.892583
-76.482822
-77.288753
-76.247122
-76.90189
-78.340454
-77.065667
-78.094246
-78.35403
-77.790221
-78.075211
-77.534392
-78.847993
-79.459948
-78.232752
-79.229522
-78.070471
-78.840291
-78.131106
-78.085706
-78.071895
-78.40078
-77.796095
-78.099778
-77.017262
-76.692224
-78.674142
-78.877196
-77.117316
-77.694189
-78.816455
-78.0323
-75.984073
-77.056248
-78.102282
-77.830466
-78.393826
-75.709748
-76.302784
-77.829631
-77.212203
-77.496065
-77.141418
-76.4815
-77.375856
-77.180854
-76.930011
-78.039885
-78.231802
-78.34558
-76.714073
-78.048685
-77.911645
-78.112421
-79.130373
-78.889013
-78.145353
-78.59682
-79.779325
-79.337508
-79.025832
-80.017706
-79.644386
-79.303029
-79.494131
-79.250574
-79.182023
-79.561429
-78.372719
-78.369068
-78.38366
-79.221205
-81.668034
-81.84345
-80.947822
-82.259768
-83.322691
-84.366758
-88.620748
-89.268215
-88.329126
-88.313561
-88.25212
-87.836989
-87.893232
