-62.783413
-77.311171
-63.258311
-67.492211
-56.387871
-75.660994
-43.577081
-81.722712
-80.811251
-71.129317
-88.542526
-82.020242
-77.566677
-41.926849
-72.606727
-69.125535
-70.059315
-55.780467
-74.93759
-83.564135
-68.767559
-52.221675
-73.292735
-74.588267
-71.113133
-88.95816
-36.490151
-54.003588
-71.340878
-93.985028
-71.391738
-66.872118
-72.42466
-67.822757
-73.360341
-67.896501
-71.031742
-65.887936
-40.59396
-64.286743
-65.377171
-67.388567
-68.767558
-71.551295
-71.610974
-69.270084
-57.16242
7.983428
-69.054375
-71.17898
-72.459037
-74.808169
-51.230932
-73.979853
-67.291758
-67.563412
-69.103128
-59.135491
-61.965757
-49.674889
-68.552176
-76.127021
-74.207748
-67.746136
-45.014672
-65.819594
-34.156549
-31.602188
-77.951166
-13.752416
-83.463206
-84.262514
-81.12725
-85.392922
-60.236271
-53.086291
53.876132
-55.624508
15.662216
11.984296
-19.823106
470.922503
-70.552727
17.454581
330.695907
280.335037
-58.056355
511.05958
-72.937195
416.442364
681.789968
4.609391
-56.615322
31.142328
63.384659
-60.819953
89.307104
-66.556425
125.611871
-83.524593
723.715019
322.097182
84.612093
-20.71139
597.081722
83.260456
697.902719
354.912769
56.300034
585.373772
-72.269816
-24.042332
-68.357445
178.750344
-71.281974
825.116474
850.683536
-58.891108
-51.188606
-43.62583
561.069333
-11.429946
23.431032
-11.970524
198.548669
538.430885
708.277579
248.739394
753.447669
549.006492
631.147218
865.488524
1002.307642
128.988275
-76.971737
113.059385
138.874849
-78.482759
988.799531
709.683943
871.803539
698.987194
125.636361
170.868662
127.43296
394.151152
790.153226
83.761967
66.491707
778.652987
933.140103
547.70041
-69.864767
517.34311
672.642972
238.995775
981.681616
920.207425
500.691007
758.84742
870.27696
283.497508
1010.271383
1013.415682
123.891175
840.641795
855.707654
684.68252
1013.586377
738.599511
-74.670229
550.372305
1012.30398
-64.200024
672.329266
995.695727
789.265608
1010.831229
855.94636
907.172062
999.327113
131.850989
830.29323
-78.585194
1000.082298
588.902707
1007.591827
678.474825
898.429102
899.801502
679.468514
-72.97394
920.473169
611.476422
620.969302
-62.236972
1011.182607
576.936734
1010.108721
953.385635
-80.518154
892.068975
1012.823898
-29.385775
1011.193815
849.70077
209.199669
1002.797016
776.045432
982.360501
949.159857
-84.945337
-66.248154
681.198649
603.493662
698.407409
-68.248255
998.108818
657.896745
832.251201
954.673446
744.445984
168.728322
-70.322701
848.567327
988.529463
757.627415
824.514421
898.926352
135.785636
794.04087
1012.305557
677.692861
74.203645
851.364094
986.099632
726.574485
904.23596
706.960761
899.626463
537.935908
983.584174
671.392434
978.069734
969.481363
125.967848
197.686087
773.946244
-69.147031
763.433442
786.617343
-78.226763
351.884604
844.784639
-74.302754
-70.07487
851.3517
563.939238
962.537455
965.236999
455.817385
676.495841
1011.70514
93.156914
302.841232
902.740163
248.055569
870.047137
1003.881407
992.133617
187.989204
-72.464132
-69.738517
296.828947
549.436132
329.783048
760.235557
974.793424
1018.127311
736.394661
508.293144
-66.806274
877.267965
96.112747
830.652344
953.551076
-72.134572
726.517129
975.830634
1008.504701
1016.07599
950.029484
1014.899972
-76.594468
782.824937
-70.370636
998.775915
826.954595
710.484344
1013.324672
112.508865
1002.368702
693.243609
1014.934231
665.461619
968.899845
958.430393
1010.889926
-75.308167
-67.984658
1001.797055
950.87777
488.00908
-72.659389
1004.723008
997.231884
1003.880395
116.01834
1000.529445
1012.017989
981.117469
952.052722
135.683229
1009.135799
733.610928
902.898305
814.31426
762.358638
1010.069703
979.13685
1010.901198
768.41776
994.893467
1010.350633
927.806702
589.42506
689.140621
-65.242664
929.234894
907.48423
787.978259
530.321186
999.511399
957.281851
721.021592
1001.627411
611.9065
104.658816
958.778436
975.072693
1002.666864
630.330239
-68.612074
-78.441625
868.539715
701.304007
199.599214
1012.809958
986.073378
975.519657
942.325795
1014.131723
929.522028
908.6287
113.763605
944.650166
778.091849
-75.92247
918.298436
922.305265
989.984838
792.360619
849.124531
968.122245
918.719131
1003.894532
-69.877733
787.654824
631.702022
969.010365
207.257506
361.21545
931.229499
909.025528
987.408133
-49.441511
651.721295
432.282752
950.78588
985.876007
840.429335
696.333906
921.205337
950.265533
301.611247
885.111702
929.867205
993.259795
691.247813
640.527591
-66.906418
676.313116
738.65473
844.751949
716.536235
368.824015
-74.391463
869.763796
1008.023472
782.666741
731.923985
91.941083
981.466356
1012.003757
848.911914
-68.00867
897.103424
-71.657609
-70.988743
841.427513
-65.235091
792.983846
995.821863
975.795158
-81.833196
548.044513
633.040437
973.007539
720.078576
-49.812787
156.018034
703.991729
337.856213
779.908526
-65.086634
971.931612
564.120826
983.914468
1010.730295
858.770472
750.309365
723.320398
822.277791
773.682675
805.683253
997.731385
982.858485
910.605047
879.643008
-76.51925
913.49654
-70.189907
-93.087136
297.760851
934.783204
725.925624
-73.038696
887.46581
-72.493354
112.05984
556.264392
746.093022
964.521856
951.23874
971.378987