-47.083539
-44.712149
-45.915827
-46.268962
-44.452373
-58.363208
-45.672094
-47.543065
-46.478159
-47.421399
-55.798087
-45.942727
-44.679102
-45.579427
-46.663305
-46.62358
-44.336838
-64.513555
-45.224138
-47.974995
-59.367675
-34.179722
-44.266583
-46.276843
-45.613774
-56.567114
-59.416883
-56.50572
-55.513761
-55.324197
-58.035162
-53.54142
-57.212832
-57.172563
-52.779573
-52.708959
-53.740981
-52.426583
-50.732476
-51.234912
-49.831801
-52.472609
-54.975311
-53.423551
-50.560959
-50.229422
-52.03487
-50.484806
-54.153094
-51.546627
-47.574284
-44.882555
-45.167616
-49.817462
-49.776189
-45.317476
-48.401645
-65.36642
-55.159534
-46.277025
-44.154778
-66.197024
-45.59692
-48.517403
-48.046591
-48.421124
-44.80411
-47.073589
-47.103051
-48.034537
-48.559522
-46.422353
-45.310065
-66.348307
-46.419875
-57.298229
-52.090713
-64.661591
-62.741998
-56.414706
-45.583222
-58.011339
-64.673352
-55.846748
-65.277532
-57.442106
-59.530813
-58.470729
-55.581402
-41.131247
-41.856197
-51.339933
-38.716699
-56.28287
-41.173802
-50.995175
-44.438855
-39.735482
-46.134195
-48.161484
-42.446157
-49.044077
-36.836251
-47.169416
-47.208357
-37.833328
-47.023375
-47.835278
-47.248377
-37.440007
-41.946601
-55.589624
-56.81701
-58.264489
-58.220297
-47.725305
11.758849
3.715754
-48.738494
3.29847
31.289102
44.228489
74.213503
61.45365
62.369696
42.307676
40.464986
3.446805
11.189784
-48.111368
4.402359
-47.440446
-48.449842
-49.020483
-48.043136
-17.665477
31.021563
-8.97367
-47.341601
-6.879807
-18.487027
153.11687
181.340088
163.044105
304.171773
264.832121
335.981499
418.911254
501.132061
482.702856
521.632933
553.049491
591.446919
542.664668
575.62675
585.843664
554.636257
585.802654
605.609225
585.823797
575.835973
645.835613
655.87042
665.889522
765.807346
745.828263
785.816456
795.804982
805.847592
785.846921
805.826319
815.814073
795.869592
785.890206
805.815541
735.896179
785.880898
815.831953
845.802357
875.879357
835.845206
845.817825
476.45972
855.802368
895.846054
925.856404
915.821275
955.864335
945.860729
925.803883
935.86325
955.859287
935.833814
985.827374
995.849512
935.818025
925.879326
935.83953
955.800023
945.809609
945.819636
945.845564
995.812273
975.873166
975.837015
1005.898937
1005.835875
995.82594
985.883781
489.709878
945.817251
935.821996
955.840634
955.829914
935.8078
935.8425
965.880368
925.833912
955.865428
935.832174
955.853164
955.891212
955.856801
985.891863
955.86751
955.874032
975.844159
955.889469
955.807406
945.869186
965.811076
985.856948
985.870743
965.81325
965.896563
895.804857
945.871498
895.869387
945.831838
945.808537
915.829101
925.838685
905.844959
895.858244
895.850211
925.859017
925.898025
945.806931
925.833244
935.886299
945.851563
945.851207
945.874386
975.843569
945.851547
945.81219
875.891224
885.859812
925.855622
865.838415
945.84934
935.803708
985.823089
955.804631
-22999791.08
985.887349
975.829072
935.800028
965.800281
914.843322
763.204488
663.015721
672.403029
620.267348
621.0783
600.413665
619.305431
577.438184
566.373293
477.722018
578.686543
567.82661
549.455095
549.57909
590.621194
551.809883
572.335817
413.198974
473.567218
532.009352
433.155893
543.483761
553.968794
574.501704
555.81712
-100.997247
745.876853
685.817692
785.851477
875.879237
925.88015
915.888731
935.837818
915.828146
925.818181
925.841469
945.890495
925.834684
925.821319
895.809336
925.834716
905.811881
925.839793
855.828481
755.850928
695.808559
655.801181
735.804238
705.81135
625.824494
845.825997
875.823397
955.884622
955.88383
945.889509
955.889664
975.804387
955.804037
945.847759
965.857968
945.850912
975.874354
945.816995
995.859889
1005.804346
995.806486
985.851205
975.883003
995.843533
965.856115
985.874199
985.80641
965.883078
1005.828901
985.882457
965.85644
985.803425
965.846414
975.812046
975.820905
925.857577
985.880536
965.835275
995.832714
905.866972
935.809632
975.843442
985.826408
975.828715
925.815877
985.831072
985.856423
554.781092
995.825678
1005.80933
955.269314
955.639139
924.858823
945.392701
985.815718
935.464097
985.561348
965.455454
975.414078
955.712641
985.845435
945.813522
965.811227
975.334542
965.799439
924.97656
925.444739
915.115709
925.093683
955.769402
914.981631
925.158839
975.80424
975.840335
975.868433
975.877249
975.836218
965.821176
955.833946
965.846688
945.853752
965.84706
965.82546
965.861822
935.865573
995.869812
985.803354
965.803067
995.867116
985.865929
965.854495
965.837912
975.824148
925.391489
924.277109
945.534334
925.801786
955.84263
965.801227
925.667165
915.815512
945.350598
945.81487
975.743241
975.800511
965.87026
965.804811
965.815728
945.847952
955.819334
955.845018
975.83621
935.861809
975.840408
975.866462
965.822277
965.874899
925.855296
925.799922
925.867565
915.851917
955.805956
945.849899
935.857758
945.843387
965.853057
945.823746
965.818099
935.823274
945.858995
945.809831
965.811951
955.856433
965.82082
985.831712
935.854131
955.847176
975.829997
955.799994
935.881651
915.82968
925.828708