-2.723351557657913864e-14 1.702094723536196165e-15
1.549887302779863063e+01 -1.038738162154140099e+01
3.000934969530009511e+01 -2.039290053890604781e+01
4.355221637866266349e+01 -3.002404207362885202e+01
5.614825945404459162e+01 -3.928829154724471806e+01
6.781826529760415667e+01 -4.819313428128855037e+01
7.858302028549964291e+01 -5.674605559729526760e+01
8.846331079388932039e+01 -6.495454081679976355e+01
9.747992319893151603e+01 -7.282607526133698173e+01
1.056536438767844146e+02 -8.036814425244176618e+01
1.130052592036063146e+02 -8.758823311164906045e+01
1.195555555555555998e+02 -9.449382716049383646e+01
1.253253193087903838e+02 -1.010924117205108672e+02
1.303353368394690790e+02 -1.073914721132351815e+02
1.346063945237499127e+02 -1.133984936602016234e+02
1.381592787377911691e+02 -1.191209616829451505e+02
1.410147758577510899e+02 -1.245663615030006213e+02
1.431936722597880021e+02 -1.297421784419029507e+02
1.447167543200601472e+02 -1.346558978211870681e+02
1.456048084147258237e+02 -1.393150049623878886e+02
1.458786209199433017e+02 -1.437269851870402704e+02
1.455589782118708513e+02 -1.478993238166791855e+02
1.446666666666666856e+02 -1.518395061728394637e+02
1.432224726604892169e+02 -1.555550175770561054e+02
1.412471825694966583e+02 -1.590533433508639689e+02
1.387615827698472799e+02 -1.623419688157979976e+02
1.357864596376993518e+02 -1.654283792933930215e+02
1.323425995492111724e+02 -1.683200601051840408e+02
1.284507888805410118e+02 -1.710244965727059139e+02
1.241318140078470691e+02 -1.735491740174935273e+02
1.194064613072877705e+02 -1.759015777610818816e+02
1.142955171550213009e+02 -1.780891931250058065e+02
1.088197679272060014e+02 -1.801195054308001886e+02
1.030000000000000284e+02 -1.820000000000000000e+02
9.685699974956179403e+01 -1.837381621541400989e+02
9.041155355204946886e+01 -1.853414772147554572e+02
8.368444778362137981e+01 -1.868174305033809333e+02
7.669646882043576852e+01 -1.881735073415514137e+02
6.946840303865096189e+01 -1.894171930508018420e+02
6.202103681442525840e+01 -1.905559729526671617e+02
5.437515652391689969e+01 -1.915973323686822596e+02
4.655154854328415581e+01 -1.925487566203819938e+02
3.857099924868523999e+01 -1.934177310293012795e+02
3.045429501627853597e+01 -1.942117409169750886e+02
2.222222222222217169e+01 -1.949382716049382793e+02
1.389556724267464460e+01 -1.956048084147257669e+02
5.495116453794111067e+00 -1.962188366678724947e+02
-2.958343768261158857e+00 -1.967878416859133210e+02
-1.144402704733283826e+01 -1.973193087903832179e+02
-1.994114700726274236e+01 -1.978207233028169867e+02
-2.842891727189245898e+01 -1.982995705447496562e+02
-3.688655146506386018e+01 -1.987633358377160562e+02
-4.529326321061856220e+01 -1.992195045032510734e+02
-5.362826613239840867e+01 -1.996755618628897082e+02
-6.187077385424501585e+01 -2.001389932381667904e+02
-7.000000000000002842e+01 -2.006172839506173204e+02
-7.799515819350534684e+01 -2.011179193217761281e+02
-8.583546205860255895e+01 -2.016483846731781000e+02
-9.350012521913353680e+01 -2.022161653263582082e+02
-1.009683612989398682e+02 -2.028287466028513109e+02
-1.082193839218633400e+02 -2.034936138241923800e+02
-1.152324067117455968e+02 -2.042182523119162170e+02
-1.219866432924284823e+02 -2.050101473875579359e+02
-1.284613072877536126e+02 -2.058767843726521960e+02
-1.346356123215627463e+02 -2.068256485887339977e+02
-1.404887720176977268e+02 -2.078642253573383414e+02
-1.460000000000000568e+02 -2.090000000000000284e+02
-1.511485098923115515e+02 -2.102404578382539739e+02
-1.559135153184740261e+02 -2.115930841936352067e+02
-1.602742299023290684e+02 -2.130653643876784713e+02
-1.642098672677185505e+02 -2.146647837419187681e+02
-1.676996410384840601e+02 -2.163988275778909838e+02
-1.707227648384674126e+02 -2.182749812171300050e+02
-1.732584522915101957e+02 -2.203007299811707753e+02
-1.752859170214542814e+02 -2.224835591915482098e+02
-1.767843726521412862e+02 -2.248309541697971952e+02
-1.777330328074130534e+02 -2.273504002374526181e+02
-1.781111111111111427e+02 -2.300493827160494220e+02
-1.778978211870774260e+02 -2.329353869271224653e+02
-1.770723766591535480e+02 -2.360158981922067483e+02
-1.756139911511812670e+02 -2.392984018328371008e+02
-1.735018782870023131e+02 -2.427903831705484663e+02
-1.707152516904583592e+02 -2.464993275268757884e+02
-1.672333249853911923e+02 -2.504327202233538401e+02
-1.630353117956424285e+02 -2.545980465815176785e+02
-1.581004257450539114e+02 -2.590027919229021336e+02
-1.524078804574672859e+02 -2.636544415690420919e+02
-1.459368895567243385e+02 -2.685604808414725539e+02
-1.386666666666666288e+02 -2.737283950617284631e+02
-1.305764254111361140e+02 -2.791656695513445925e+02
-1.216453794139744389e+02 -2.848797896318558287e+02
-1.118527422990232338e+02 -2.908782406247971153e+02
-1.011777276901243425e+02 -2.971685078517034526e+02
-8.959954921111943804e+01 -3.037580766341097274e+02
-7.709742048585019347e+01 -3.106544322935508262e+02
-6.365055513815841692e+01 -3.178650601515615790e+02
-4.923816679188578149e+01 -3.253974455296769861e+02
-3.383946907087401712e+01 -3.332590737494318773e+02
-1.743367559896484664e+01 -3.414574301323612531e+02
0.000000000000000000e+00 -3.500000000000000000e+02
