-2.042513668243435477e-14 1.276571042652147173e-14
1.630197289701420615e+01 -7.398595690606698305e+00
3.167473634415782158e+01 -1.452760850006027837e+01
4.613673929376409433e+01 -2.139293764087151928e+01
5.970643069816625115e+01 -2.800048232555118588e+01
7.240225950969754365e+01 -3.435614176661007235e+01
8.424267468069123765e+01 -4.046581517655897642e+01
9.524612516348055635e+01 -4.633540176790864962e+01
1.054310599103988011e+02 -5.197080075316989678e+01
1.148159278737791595e+02 -5.737791134485349431e+01
1.234191780059548620e+02 -6.256263275547020442e+01
1.312592592592592950e+02 -6.753086419753086034e+01
1.383546205860255611e+02 -7.228850488354618165e+01
1.447237109385870042e+02 -7.684145402602700869e+01
1.503849792692768403e+02 -8.119561083748408237e+01
1.553568745304283141e+02 -8.535687453042822881e+01
1.596578456743746699e+02 -8.933114431737020311e+01
1.633063416534491523e+02 -9.312431941082078879e+01
1.663208114199850627e+02 -9.674229902329076936e+01
1.687197039263155887e+02 -1.001909823672909141e+02
1.705214681247740032e+02 -1.034762686553320208e+02
1.717445529676935507e+02 -1.066040570999248871e+02
1.724074074074074474e+02 -1.095802469135802397e+02
1.725284803962490230e+02 -1.124107373088089190e+02
1.721262208865515220e+02 -1.151014274981217085e+02
1.712190778306481320e+02 -1.176582166940293490e+02
1.698255001808721261e+02 -1.200870041090426525e+02
1.679639368895567770e+02 -1.223936889556724168e+02
1.656528369090353294e+02 -1.245841704464294111e+02
1.629106491916409709e+02 -1.266643477938243620e+02
1.597558226897070313e+02 -1.286401202103681669e+02
1.562068063555667266e+02 -1.305173869085714955e+02
1.522820491415533297e+02 -1.323020471009451740e+02
1.480000000000000568e+02 -1.340000000000000000e+02
1.433791078832402093e+02 -1.356171448182467429e+02
1.384378217436069463e+02 -1.371593807681962005e+02
1.331945905334335976e+02 -1.386326070623591420e+02
1.276678632050533366e+02 -1.400427229132463367e+02
1.218760887107995075e+02 -1.413956275333685824e+02
1.158377160030052977e+02 -1.426972201352366767e+02
1.095711940340040371e+02 -1.439533999313613890e+02
1.030949717561288708e+02 -1.451700661342534886e+02
9.642749812171305734e+01 -1.463531179564237448e+02
8.958722208308992663e+01 -1.475084546103830121e+02
8.259259259259258101e+01 -1.486419753086419746e+02
7.546205860255449238e+01 -1.497595792637114869e+02
6.821406906530873471e+01 -1.508671656881023182e+02
6.086707293318863776e+01 -1.519706337943252947e+02
5.343951915852747447e+01 -1.530758827948911005e+02
4.594985669365837566e+01 -1.541888119023105332e+02
3.841653449091469952e+01 -1.553153203290944475e+02
3.085800150262963371e+01 -1.564613072877536126e+02
2.329270668113647957e+01 -1.576326719907987410e+02
1.573909897876839636e+01 -1.588353136507406589e+02
8.215627347858742269e+00 -1.600751314800901923e+02
7.407407407407617939e-01 -1.613580246913580822e+02
-6.667111890252385820e+00 -1.626898924970550411e+02
-1.398948159278737080e+01 -1.640766341096919803e+02
-2.120791941453100549e+01 -1.655241487417796407e+02
-2.830397640314993168e+01 -1.670383356058287632e+02
-3.525920360631107542e+01 -1.686250939143501455e+02
-4.205515207168099323e+01 -1.702903228798545570e+02
-4.867337284692658272e+01 -1.720399217148529090e+02
-5.509541697971451413e+01 -1.738797896318558003e+02
-6.130283551771154293e+01 -1.758158258433740855e+02
-6.727717950858448148e+01 -1.778539295619185907e+02
-7.299999999999998579e+01 -1.800000000000000284e+02
-7.845284803962489661e+01 -1.822599363701292248e+02
-8.361727467512588419e+01 -1.846396378848170059e+02
-8.847483095416977505e+01 -1.871450037565740274e+02
-9.300706792442323945e+01 -1.897819331979111723e+02
-9.719553663355317497e+01 -1.925563254213392383e+02
-1.010217881292261666e+02 -1.954740796393689095e+02
-1.044673734591090408e+02 -1.985410950645110688e+02
-1.075138436708684964e+02 -2.017632709092764571e+02
-1.101427498121713171e+02 -2.051465063861758722e+02
-1.123356429306842728e+02 -2.086967007077200265e+02
-1.140740740740741046e+02 -2.124197530864198029e+02
-1.153395942900075397e+02 -2.163215627347859140e+02
-1.161137546261513052e+02 -2.204080288653291575e+02
-1.163781061301722559e+02 -2.246850506905603595e+02
-1.161141998497370622e+02 -2.291585274229902609e+02
-1.153035868325124795e+02 -2.338343582751296594e+02
-1.139278181261652776e+02 -2.387184424594893244e+02
-1.119684447783621692e+02 -2.438166791885800251e+02
-1.094070178367699384e+02 -2.491349676749125592e+02
-1.062250883490553264e+02 -2.546792071309977530e+02
-1.024042073628850744e+02 -2.604552967693463188e+02
-9.792592592592589540e+01 -2.664691358024692249e+02
-9.277179508584464429e+01 -2.727266234428769849e+02
-8.692336589030800553e+01 -2.792336589030804817e+02
-8.036218938698272041e+01 -2.859961413955904845e+02
-7.306981662353558704e+01 -2.930199701329178197e+02
-6.502779864763333251e+01 -3.003110443275733132e+02
-5.621768650694266967e+01 -3.078752631920676777e+02
-4.662103124913038954e+01 -3.157185259389116254e+02
-3.621938392186324052e+01 -3.238467317806161532e+02
-2.499429557280796033e+01 -3.322657799296918029e+02
-1.292731724963129025e+01 -3.409815695986495143e+02
0.000000000000000000e+00 -3.500000000000000000e+02
