-4.085027336486870953e-14 -5.957331532376686281e-15
2.367440242646851800e+01 -7.338212241793515833e-01
4.589935164315328109e+01 -1.679568875161157271e+00
6.670473328324568740e+01 -2.832456799398939129e+00
8.612043297993710667e+01 -4.187698843346212563e+00
1.041763363664190365e+02 -5.740508853456494087e+00
1.209023290758828324e+02 -7.486100676183300884e+00
1.363282967415198925e+02 -9.419688157980143473e+00
1.504841249965217571e+02 -1.153648514530054570e+01
1.633996994740796822e+02 -1.383170548459801630e+01
1.751049058073851654e+02 -1.630056302232607379e+01
1.856296296296297044e+02 -1.893827160493824024e+01
1.950037565740045409e+02 -2.174004507888801641e+01
2.032571722737012010e+02 -2.470109729062892967e+01
2.104197623619111255e+02 -2.781664208661449322e+01
2.165214124718257835e+02 -3.108189331329823446e+01
2.215920082366364738e+02 -3.449206481713365235e+01
2.256614352895345519e+02 -3.804237044457426009e+01
2.287595792637116006e+02 -4.172802404207358506e+01
2.309163257923589470e+02 -4.554423945608515822e+01
2.321615605086680603e+02 -4.948623053306245367e+01
2.325251690458303528e+02 -5.354921111945900947e+01
2.320370370370371234e+02 -5.772839506172835655e+01
2.307270501154798694e+02 -6.201899620632399035e+01
2.286250939143501455e+02 -6.641622839969942049e+01
2.257610540668392218e+02 -7.091530548830819214e+01
2.221648162061385392e+02 -7.551144131860380071e+01
2.178662659654395952e+02 -8.019984973703977005e+01
2.128952889779336886e+02 -8.497574459006962400e+01
2.072817708768122600e+02 -8.983433972414684376e+01
2.010555972952667787e+02 -9.477084898572499583e+01
1.942466538664886286e+02 -9.978048622125757561e+01
1.868848262236692790e+02 -1.048584652771980359e+02
1.790000000000000853e+02 -1.099999999999999716e+02
1.706220608286725451e+02 -1.152003042361168639e+02
1.617808943428779287e+02 -1.204545918320022651e+02
1.525063861758077906e+02 -1.257580766341096563e+02
1.428284219606534009e+02 -1.311059724888926041e+02
1.327768873306063711e+02 -1.364934932428045329e+02
1.223816679188580281e+02 -1.419158527422990232e+02
1.116726493585998412e+02 -1.473682648338295564e+02
1.006797172830231659e+02 -1.528459433638496989e+02
8.943275732531938615e+01 -1.583441021788129035e+02
7.796165511868002795e+01 -1.638579551251727366e+02
6.629629629629619103e+01 -1.693827160493827932e+02
5.446656649135991302e+01 -1.749135987978963271e+02
4.250235133706206625e+01 -1.804458172171671038e+02
3.043353646659431888e+01 -1.859745851536485475e+02
1.829000751314805484e+01 -1.914951164537941679e+02
6.101650109914601217e+00 -1.970026249640575031e+02
-6.101650109914487530e+00 -2.024923245308920627e+02
-1.829000751314799800e+01 -2.079594290007513564e+02
-3.043353646659426204e+01 -2.133991522200888653e+02
-4.250235133706206625e+01 -2.188067080353582128e+02
-5.446656649135996986e+01 -2.241773102930128516e+02
-6.629629629629630472e+01 -2.295061728395062346e+02
-7.796165511867991427e+01 -2.347885095212919850e+02
-8.943275732531930089e+01 -2.400195341848234705e+02
-1.006797172830230807e+02 -2.451944606765544279e+02
-1.116726493585997559e+02 -2.503085028429381680e+02
-1.223816679188580565e+02 -2.553568745304283425e+02
-1.327768873306063142e+02 -2.603347895854783474e+02
-1.428284219606534009e+02 -2.652374618545418343e+02
-1.525063861758077053e+02 -2.700601051840721993e+02
-1.617808943428778434e+02 -2.747979334205230089e+02
-1.706220608286724598e+02 -2.794461604103478294e+02
-1.790000000000000000e+02 -2.840000000000000568e+02
-1.868848262236691937e+02 -2.884546660359333146e+02
-1.942466538664885434e+02 -2.928053723646011122e+02
-2.010555972952667219e+02 -2.970473328324568456e+02
-2.072817708768121747e+02 -3.011757612859541382e+02
-2.128952889779336317e+02 -3.051858715715466133e+02
-2.178662659654396236e+02 -3.090728775356875531e+02
-2.221648162061385960e+02 -3.128319930248305809e+02
-2.257610540668392218e+02 -3.164584318854292064e+02
-2.286250939143501171e+02 -3.199474079639369393e+02
-2.307270501154798694e+02 -3.232941351068073459e+02
-2.320370370370370949e+02 -3.264938271604938791e+02
-2.325251690458302392e+02 -3.295416979714500485e+02
-2.321615605086679466e+02 -3.324329613861294774e+02
-2.309163257923588617e+02 -3.351628312509856187e+02
-2.287595792637115437e+02 -3.377265214124719250e+02
-2.256614352895344950e+02 -3.401192457170419630e+02
-2.215920082366364170e+02 -3.423362180111491853e+02
-2.165214124718257267e+02 -3.443726521412472721e+02
-2.104197623619111823e+02 -3.462237619537895625e+02
-2.032571722737012578e+02 -3.478847612952296231e+02
-1.950037565740045409e+02 -3.493508640120210202e+02
-1.856296296296295623e+02 -3.506172839506173773e+02
-1.751049058073850802e+02 -3.516792349574719765e+02
-1.633996994740795969e+02 -3.525319308790383843e+02
-1.504841249965215866e+02 -3.531705855617701673e+02
-1.363282967415198073e+02 -3.535904128521208349e+02
-1.209023290758827613e+02 -3.537866265965440107e+02
-1.041763363664189512e+02 -3.537544406414930336e+02
-8.612043297993706403e+01 -3.534890688334214701e+02
-6.670473328324564477e+01 -3.529857250187829436e+02
-4.589935164315328109e+01 -3.522396230440307932e+02
-2.367440242646852866e+01 -3.512459767556186421e+02
0.000000000000000000e+00 -3.500000000000000000e+02
