-2.042513668243435477e-14 8.510473617680980824e-16
1.405765645435065814e+01 -2.318205006910236676e+00
2.733177505078330682e+01 -4.656751166393031660e+00
3.983771600300526217e+01 -7.015777610818922483e+00
5.159083952472382606e+01 -9.395423472558446676e+00
6.260650582964633770e+01 -1.179582788398213644e+01
7.290007513148010787e+01 -1.421712997746053730e+01
8.248690764393245445e+01 -1.665946888536418058e+01
9.138236358071073084e+01 -1.912298374006361001e+01
9.960180315552219099e+01 -2.160781367392934982e+01
1.071605865820741883e+02 -2.411409781933194907e+01
1.140740740740741188e+02 -2.664197530864194974e+01
1.203576258452291654e+02 -2.919158527422986893e+01
1.260266021092467668e+02 -3.176306684846625927e+01
1.310963630798341910e+02 -3.435655916372166274e+01
1.355822689706987774e+02 -3.697220135236661065e+01
1.394996799955478366e+02 -3.961013254677163786e+01
1.428639563680886226e+02 -4.227049187930727214e+01
1.456904583020285884e+02 -4.495341848234406967e+01
1.479945460110749877e+02 -4.765905148825256532e+01
1.497915797089351315e+02 -5.038753002940327974e+01
1.510969196093163873e+02 -5.313899323816676912e+01
1.519259259259259522e+02 -5.591358024691354700e+01
1.522939588724712792e+02 -5.871143018801417668e+01
1.522163786626596789e+02 -6.153268219383917881e+01
1.517085455101984337e+02 -6.437747539675910957e+01
1.507858196287948545e+02 -6.724594892914447541e+01
1.494635612321563087e+02 -7.013824192336585384e+01
1.477571305339901073e+02 -7.305449351179376549e+01
1.456818877480034473e+02 -7.599484282679870262e+01
1.432531930879038669e+02 -7.895942900075129955e+01
1.404864067673985346e+02 -8.194839116602202012e+01
1.373968890001948182e+02 -8.496186845498138496e+01
1.340000000000000568e+02 -8.799999999999998579e+01
1.303110999805215329e+02 -9.106292493344832906e+01
1.263455491554665571e+02 -9.415078238769696384e+01
1.221187077385424971e+02 -9.726371149511643921e+01
1.176459359434566210e+02 -1.004018513880772900e+02
1.129425939839162965e+02 -1.035653411989500228e+02
1.080240420736288911e+02 -1.067543200601051865e+02
1.029056404263016304e+02 -1.099689271039133303e+02
9.760274925564186788e+01 -1.132093014627449890e+02
9.213072877535689997e+01 -1.164755822689706974e+02
8.650493919915412278e+01 -1.197679086549610048e+02
8.074074074074071916e+01 -1.230864197530864459e+02
7.485349361382418465e+01 -1.264312546957175272e+02
6.885855803211174475e+01 -1.298025526152248403e+02
6.277129420931075288e+01 -1.332004526439788492e+02
5.660706235912849138e+01 -1.366250939143501455e+02
5.038122269527229946e+01 -1.400766155587092499e+02
4.410913543144954474e+01 -1.435551567094266829e+02
3.780616078136739588e+01 -1.470608564988730791e+02
3.148765895873339105e+01 -1.505938540594188453e+02
2.516899017725461363e+01 -1.541542885234345590e+02
1.886551465063860178e+01 -1.577422990232907978e+02
1.259259259259260944e+01 -1.613580246913580822e+02
6.365584216823890529e+00 -1.650016046600069330e+02
1.998497370398126805e-01 -1.686731780616078709e+02
-5.889250633052313333e+00 -1.723728840285314732e+02
-1.188635667974511989e+01 -1.761008616931482607e+02
-1.777610818933138148e+01 -1.798572501878287540e+02
-2.354314494810364522e+01 -1.836421886449435306e+02
-2.917210674235471402e+01 -1.874558161968631111e+02
-3.464763335837720604e+01 -1.912982719759580164e+02
-3.995436458246376787e+01 -1.951696951145987668e+02
-4.507694020090717402e+01 -1.990702247451559401e+02
-5.000000000000000000e+01 -2.030000000000000568e+02
-5.470818376603502031e+01 -2.069591600115016377e+02
-5.918613128530482470e+01 -2.109478439120313169e+02
-6.341848234410217344e+01 -2.149661908339594731e+02
-6.738987672871968471e+01 -2.190143399096567691e+02
-7.108495422545010456e+01 -2.230924302714937255e+02
-7.448835462058603696e+01 -2.272006010518407777e+02
-7.758471770042022797e+01 -2.313389913830686169e+02
-8.035868325124526734e+01 -2.355077403975476500e+02
-8.279489105935388693e+01 -2.397069872276484830e+02
-8.487798091103879017e+01 -2.439368710057416365e+02
-8.659259259259260944e+01 -2.481975308641976312e+02
-8.792336589030807659e+01 -2.524891059353869878e+02
-8.885494059047778137e+01 -2.568117353516802837e+02
-8.937195647939452670e+01 -2.611655582454480964e+02
-8.945905334335090231e+01 -2.655507137490609466e+02
-8.910087096863958323e+01 -2.699673409948892981e+02
-8.828204914155330130e+01 -2.744155791153036716e+02
-8.698722764838468891e+01 -2.788955672426747014e+02
-8.520104627542647791e+01 -2.834074445093729082e+02
-8.290814480897128647e+01 -2.879513500477688126e+02
-8.009316303531181802e+01 -2.925274229902328784e+02
-7.674074074074071916e+01 -2.971358024691359105e+02
-7.283551771155075016e+01 -3.017766276168480886e+02
-6.836213373403454341e+01 -3.064500375657401605e+02
-6.330522859448475970e+01 -3.111561714481825334e+02
-5.764944207919412378e+01 -3.158951683965458415e+02
-5.137941397445528224e+01 -3.206671675432006623e+02
-4.447978406656090300e+01 -3.254723080205174597e+02
-3.693519214180369659e+01 -3.303107289608667543e+02
-2.873027798647632025e+01 -3.351825694966191236e+02
-1.984968138687146322e+01 -3.400879687601450883e+02
-1.027804212928179339e+01 -3.450270658838152258e+02
0.000000000000000000e+00 -3.500000000000000000e+02
