-2.255275508685460032e-14 -5.957331532376686281e-15
8.119626012187978858e+00 6.426422164714169938e+00
1.593588780365638513e+01 1.263819090816335411e+01
2.345304282494364401e+01 1.864012021036814204e+01
3.067534852658819133e+01 2.443702405134911970e+01
3.760706235912847717e+01 3.003371641112687840e+01
4.425244177310293736e+01 3.543501126972201121e+01
5.061574421905000776e+01 4.064572260715510765e+01
5.670122714750815618e+01 4.567066440344677147e+01
6.251314800901579360e+01 5.051465063861757443e+01
6.805576425411136654e+01 5.518249529268810960e+01
7.333333333333335702e+01 5.967901234567901270e+01
7.835011269722014049e+01 6.400901577761079864e+01
8.311035979631020609e+01 6.817731956850414576e+01
8.761833208114200033e+01 7.218873769837955479e+01
9.187828700225396972e+01 7.604808414725769694e+01
9.589448201018451812e+01 7.976017289515912978e+01
9.967117455547210625e+01 8.332981792210442507e+01
1.032126220886551664e+02 8.676183320811419719e+01
1.065230820602721877e+02 9.006103273320906055e+01
1.096068119208615315e+02 9.323223047740955849e+01
1.124680691209617152e+02 9.628024042073630540e+01
1.151111111111111285e+02 9.920987654320987303e+01
1.175401953418482321e+02 1.020259528248508900e+02
1.197595792637115011e+02 1.047332832456799281e+02
1.217735203272393392e+02 1.073366817857175874e+02
1.235862759829702071e+02 1.098409624249844398e+02
1.252021036814425372e+02 1.122509391435011281e+02
1.266252608731947760e+02 1.145714259212881814e+02
1.278600050087653273e+02 1.168072367383662140e+02
1.289105935386927229e+02 1.189631855747558262e+02
1.297812839135153524e+02 1.210440864104776182e+02
1.304763335837716340e+02 1.230547532255521332e+02
1.310000000000000284e+02 1.250000000000000142e+02
1.313565406127389963e+02 1.268846407138418328e+02
1.315502128725269699e+02 1.287134893470981751e+02
1.315852742299023816e+02 1.304913598797896270e+02
1.314659821354036637e+02 1.322230662919368456e+02
1.311965940395692769e+02 1.339134225635603173e+02
1.307813673929376819e+02 1.355672426746806991e+02
1.302245596460472825e+02 1.371893406053185913e+02
1.295304282494365680e+02 1.387845303354945372e+02
1.287032306536439137e+02 1.403576258452291654e+02
1.277472243092078088e+02 1.419134411145430761e+02
1.266666666666666856e+02 1.434567901234568126e+02
1.254658151765590048e+02 1.449924868519910319e+02
1.241489272894231704e+02 1.465253452801662206e+02
1.227202604557976713e+02 1.480601793880031209e+02
1.211840721262209257e+02 1.496018031555222194e+02
1.195446197512313518e+02 1.511550305627440878e+02
1.178061607813674385e+02 1.527246755896894115e+02
1.159729526671675757e+02 1.543155522163787055e+02
1.140492528591702381e+02 1.559324744228325699e+02
1.120393188079138440e+02 1.575802561890716333e+02
1.099474079639369108e+02 1.592637114951164676e+02
1.077777777777778141e+02 1.609876543209877013e+02
1.055346856999749718e+02 1.627568986467058494e+02
1.032223891810668874e+02 1.645762584522915404e+02
1.008451456715919790e+02 1.664505477177654029e+02
9.840721262208867870e+01 1.683845804231479519e+02
9.591284748309541897e+01 1.703831705484598444e+02
9.336630770515067468e+01 1.724511320737216238e+02
9.077185073879290655e+01 1.745932789789539754e+02
8.813373403456049004e+01 1.768144252441773574e+02
8.545621504299190008e+01 1.791193848494124268e+02
8.274355121462559737e+01 1.815129717746798121e+02
8.000000000000000000e+01 1.840000000000000284e+02
7.722981884965355448e+01 1.865852835053937042e+02
7.443726521412473573e+01 1.892736362708814966e+02
7.162659654395193343e+01 1.920698722764838635e+02
6.880207028967360827e+01 1.949788055022215190e+02
6.596794390182822099e+01 1.980052499281150062e+02
6.312847483095420387e+01 2.011540195341848403e+02
6.028792052758993236e+01 2.044299283004517633e+02
5.745053844227395956e+01 2.078377902069362619e+02
5.462058602554468933e+01 2.113824192336589363e+02
5.180232072794055398e+01 2.150686293606404433e+02
4.899999999999998579e+01 2.189012345679012697e+02
4.621788129226144548e+01 2.228850488354621007e+02
4.346022205526336535e+01 2.270248861433434513e+02
4.073127973954419190e+01 2.313255604715660070e+02
3.803531179564237164e+01 2.357918858001502826e+02
3.537657567409632975e+01 2.404286761091169069e+02
3.275932882544452696e+01 2.452407453784864515e+02
3.018782870022539555e+01 2.502329075882794882e+02
2.766633274897738204e+01 2.554099767185166456e+02
2.519909842223891872e+01 2.607767667492185524e+02
2.279038317054846274e+01 2.663380916604056665e+02
2.044444444444441444e+01 2.720987654320988440e+02
1.816553969446529138e+01 2.780636020443183725e+02
1.595792637114949031e+01 2.842374154770849941e+02
1.382586192503546130e+01 2.906250197104191670e+02
1.177360380666164197e+01 2.972312287243416904e+02
9.805409466566478827e+00 3.040608564988730791e+02
7.925536355288409496e+00 3.111187170140339049e+02
6.138241923365882258e+00 3.184096242498446827e+02
4.447783621337334736e+00 3.259383921863261548e+02
2.858418899741210328e+00 3.337098348034987225e+02
1.374405209115951099e+00 3.417287660813831849e+02
0.000000000000000000e+00 3.500000000000000000e+02
