-4.085027336486870953e-14 1.702094723536196165e-15
1.994114700726268552e+01 -2.639990353488974595e+00
3.868987394607228225e+01 -5.218178107985268710e+00
5.627047332832457727e+01 -7.737039819684446762e+00
7.270723766591535764e+01 -1.019905204478207139e+01
8.802445947074048149e+01 -1.260669133947370568e+01
1.022464312546957501e+02 -1.496243425995492160e+01
1.153974455296769719e+02 -1.726875736242127246e+01
1.275017948075799978e+02 -1.952813720306833289e+01
1.385837716003005653e+02 -2.174305033809165977e+01
1.486676684197345537e+02 -2.391597332368681705e+01
1.577777777777778567e+02 -2.604938271604938649e+01
1.659383921863260980e+02 -2.814575507137490007e+01
1.731738041572752707e+02 -3.020756694585895019e+01
1.795083062025211120e+02 -3.223729489569709017e+01
1.849661908339595016e+02 -3.423741547708489463e+01
1.895717505634861766e+02 -3.621040524621792400e+01
1.933492779029969881e+02 -3.815874075929172449e+01
1.963230653643877588e+02 -4.008489857250187782e+01
1.985174054595543112e+02 -4.199135524204395153e+01
1.999565907003924679e+02 -4.388058732411349183e+01
2.006649135987980230e+02 -4.575507137490609466e+01
2.006666666666667425e+02 -4.761728395061728492e+01
1.999861424158945340e+02 -4.946970160744264433e+01
1.986476333583772202e+02 -5.131480090157775464e+01
1.966754320060105954e+02 -5.315505838921816206e+01
1.940938308706903968e+02 -5.499295062655943411e+01
1.909271224643126175e+02 -5.683095416979713832e+01
1.871995992987729380e+02 -5.867154557512684221e+01
1.829355538859671526e+02 -6.051720139874408488e+01
1.781592787377911975e+02 -6.237039819684448361e+01
1.728950663661407816e+02 -6.423361252562355617e+01
1.671672092829118128e+02 -6.610932094127686298e+01
1.610000000000001137e+02 -6.800000000000000000e+01
1.544177310293013647e+02 -6.990812625798852764e+01
1.474446948827115307e+02 -7.183617627143797790e+01
1.401051840721263773e+02 -7.378662659654395384e+01
1.324234911094415850e+02 -7.576195378950200165e+01
1.244239085065532038e+02 -7.776463440650769599e+01
1.161307287753569142e+02 -7.979714500375658304e+01
1.075682444277486525e+02 -8.186196213744423744e+01
9.876074797562412755e+01 -8.396156236376623383e+01
8.973253193087913360e+01 -8.609842223891811841e+01
8.050788880540957848e+01 -8.827501831909545160e+01
7.111111111111105743e+01 -9.049382716049385067e+01
6.156649135987981936e+01 -9.275732531930880498e+01
5.189832206361131739e+01 -9.506798935173591758e+01
4.213089573420154466e+01 -9.742829581397076311e+01
3.228850488354623849e+01 -9.984072126220888777e+01
2.239544202354122149e+01 -1.023077422526458520e+02
1.247599966608240152e+01 -1.048318353414772162e+02
2.554470323065402226e+00 -1.074154770848985834e+02
-7.344853493613754836e+00 -1.100611440391054714e+02
-1.719767927205947444e+01 -1.127713127602934975e+02
-2.697971450037567820e+01 -1.155484598046581652e+02
-3.666666666666668561e+01 -1.183950617283950919e+02
-4.623424325903667409e+01 -1.213135950876997953e+02
-5.565815176558979260e+01 -1.243065364387678500e+02
-6.491409967443027540e+01 -1.273763623377948733e+02
-7.397779447366224304e+01 -1.305255493409763403e+02
-8.282494365138998660e+01 -1.337565740045079110e+02
-9.143125469571754138e+01 -1.370719128845850605e+02
-9.977243509474919847e+01 -1.404740425374034771e+02
-1.078241923365890500e+02 -1.439654395191585650e+02
-1.155622339093413871e+02 -1.475485803860459555e+02
-1.229622673011103302e+02 -1.512259416942612802e+02
-1.300000000000000000e+02 -1.550000000000000000e+02
-1.366511394941146875e+02 -1.588732318594577464e+02
-1.428913932715585702e+02 -1.628481138288300940e+02
-1.486964688204357685e+02 -1.669271224643125322e+02
-1.540420736288504600e+02 -1.711127343221007209e+02
-1.589039151849069640e+02 -1.754074259583901778e+02
-1.632577009767093159e+02 -1.798136739293763924e+02
-1.670791384923617215e+02 -1.843339547912551097e+02
-1.703439352199683299e+02 -1.889707451002217340e+02
-1.730277986476333751e+02 -1.937265214124718682e+02
-1.751064362634611200e+02 -1.986037602842010870e+02
-1.765555555555555998e+02 -2.036049382716049649e+02
-1.773508640120210487e+02 -2.087325319308790483e+02
-1.774680691209616725e+02 -2.139890178182189118e+02
-1.768828783704817056e+02 -2.193768724898201583e+02
-1.755709992486852684e+02 -2.248985725018782773e+02
-1.735081392436765100e+02 -2.305565944105889287e+02
-1.706700058435596361e+02 -2.363534147721475449e+02
-1.670323065364387958e+02 -2.422915101427498143e+02
-1.625707488104183085e+02 -2.483733570785911979e+02
-1.572610401536022096e+02 -2.546014321358673840e+02
-1.510788880540947048e+02 -2.609782118707738050e+02
-1.439999999999999716e+02 -2.675061728395062346e+02
-1.360000834794223010e+02 -2.741877915982599916e+02
-1.270548459804657853e+02 -2.810255447032307075e+02
-1.171399949912345875e+02 -2.880219087106139568e+02
-1.062312379998329988e+02 -2.951793601766053712e+02
-9.430428249436511123e+01 -3.025003756574004683e+02
-8.133483596293510232e+01 -3.099874317091948797e+02
-6.729860589364719203e+01 -3.176430048881839525e+02
-5.217129977460553647e+01 -3.254695717505635457e+02
-3.592862509391433434e+01 -3.334696088525290065e+02
-1.854628933967775950e+01 -3.416455927502759664e+02
0.000000000000000000e+00 -3.500000000000000000e+02
