-1.702094723536196165e-15 -8.510473617680980824e-16
5.289005760080140561e+00 3.718516663420242008e+00
1.042958510727105725e+01 7.439593362458371217e+00
1.542299023290759052e+01 1.116303531179563713e+01
2.027047332832457371e+01 1.488864772611328391e+01
2.497328658485684016e+01 1.861623582009255884e+01
2.953268219383922855e+01 2.234560480841471630e+01
3.394991234660656687e+01 2.607655990576099470e+01
3.822622923449370802e+01 2.980890632681265728e+01
4.236288504883547290e+01 3.354244928625092115e+01
4.636113198096669663e+01 3.727699399875706376e+01
5.022222222222222854e+01 4.101234567901233419e+01
5.394740796393688953e+01 4.474830954169795660e+01
5.753794139744552893e+01 4.848469080149518362e+01
6.099507471408298187e+01 5.222129467308527495e+01
6.432006010518408345e+01 5.595792637114949031e+01
6.751414976208366170e+01 5.969439111036906809e+01
7.057859587611653751e+01 6.343049410542521827e+01
7.351465063861759575e+01 6.716604057099922898e+01
7.632356624092163599e+01 7.090083572177236704e+01
7.900659487436348627e+01 7.463468477242581400e+01
8.156498873027800300e+01 7.836739293764085801e+01
8.400000000000001421e+01 8.209876543209874455e+01
8.631288087486434790e+01 8.582860747048071914e+01
8.850488354620586051e+01 8.955672426746804149e+01
9.057726020535938005e+01 9.328292103774194288e+01
9.253126304365972032e+01 9.700700299598366882e+01
9.436814425244176618e+01 1.007287753568745075e+02
9.608915602304034564e+01 1.044480433350956616e+02
9.769555054679020145e+01 1.081646121453283627e+02
9.918858001502630373e+01 1.118782870022539413e+02
1.005694966190834236e+02 1.155888731205535720e+02
1.018395525502963608e+02 1.192961757149084860e+02
1.030000000000000142e+02 1.229999999999999858e+02
1.040520911595291977e+02 1.267001511905093025e+02
1.049970782202187252e+02 1.303964345011176817e+02
1.058362133734034671e+02 1.340886551465063690e+02
1.065707488104182374e+02 1.377766183413566239e+02
1.072019367225978925e+02 1.414601293003496778e+02
1.077310293012772462e+02 1.451389932381667904e+02
1.081592787377911407e+02 1.488130153694891931e+02
1.084879372234744324e+02 1.524820009089981454e+02
1.087182569496619351e+02 1.561457550713749072e+02
1.088514901076884769e+02 1.598040830713006812e+02
1.088888888888889142e+02 1.634567901234568126e+02
1.088317054845980465e+02 1.671036814425244188e+02
1.086811920861507588e+02 1.707445622431848449e+02
1.084386008848818932e+02 1.743792377401193221e+02
1.081051840721262352e+02 1.780075131480090533e+02
1.076821938392186553e+02 1.816291936815352983e+02
1.071708823774939674e+02 1.852440845553793451e+02
1.065725018782870279e+02 1.888519909842224251e+02
1.058883045329326364e+02 1.924527181827457412e+02
1.051195425327656778e+02 1.960460713656306098e+02
1.042674680691209801e+02 1.996318557475582622e+02
1.033333333333333570e+02 2.032098765432099299e+02
1.023183905167376224e+02 2.067799389672668440e+02
1.012238918106686754e+02 2.103418482344102358e+02
1.000510894064613296e+02 2.138954095593214504e+02
9.880123549545038486e+01 2.174404281566816337e+02
9.747558226897071165e+01 2.209767092411721023e+02
9.607538191835712382e+01 2.245040580274740591e+02
9.460188663494449202e+01 2.280222797302687923e+02
9.305634861006763003e+01 2.315311795642374761e+02
9.144002003506136589e+01 2.350305627440613989e+02
8.975415310126055601e+01 2.385202344844218487e+02
8.800000000000001421e+01 2.420000000000000284e+02
8.617881292261458270e+01 2.454696645054771977e+02
8.429184406043913214e+01 2.489290332155346448e+02
8.234034560480843368e+01 2.523779113448534872e+02
8.032556974705735797e+01 2.558161041081151552e+02
7.824876867852077567e+01 2.592434167200008233e+02
7.611119459053347214e+01 2.626596543951916374e+02
7.391409967443024698e+01 2.660646223483689710e+02
7.165873612154602768e+01 2.694581257942139700e+02
6.934635612321562803e+01 2.728399699474080080e+02
6.697821187077386185e+01 2.762099600226322309e+02
6.455555555555555713e+01 2.795679012345679553e+02
6.207963936889557033e+01 2.829135987978963271e+02
5.955171550212872233e+01 2.862468579272987199e+02
5.697303614658986248e+01 2.895674838374562796e+02
5.434485349361384010e+01 2.928752817430503796e+02
5.166841973453544767e+01 2.961700568587621092e+02
4.894498706068955585e+01 2.994516143992728416e+02
4.617580766341097842e+01 3.027197595792637230e+02
4.336213373403457183e+01 3.059742976134160699e+02
4.050521746389515698e+01 3.092150337164111420e+02
3.760631104432758320e+01 3.124417731029300853e+02
3.466666666666664298e+01 3.156543209876543870e+02
3.168753652224724604e+01 3.188524825852650224e+02
2.867017280240418842e+01 3.220360631104433651e+02
2.561582769847230878e+01 3.252048677778705610e+02
2.252575340178644225e+01 3.283587018022279835e+02
1.940120210368143105e+01 3.314973703981968924e+02
1.624342599549209964e+01 3.346206787804584906e+02
1.305367726855329202e+01 3.377284321636938671e+02
9.833208114199843308e+00 3.408204357625845660e+02
6.583270723766588617e+00 3.438964947918116195e+02
3.305117288588360847e+00 3.469564144660563443e+02
0.000000000000000000e+00 3.500000000000000000e+02
