0.000000000000000000e+00 -1.957408932066625718e-14
7.534685699974959405e+00 6.463236589958338385e+00
1.495608982385842367e+01 1.269487343592025574e+01
2.226296018031555946e+01 1.870022539444026677e+01
2.945404457801152986e+01 2.448460732207288260e+01
3.652809082561149268e+01 3.005333407537263923e+01
4.348384673178063053e+01 3.541172051089407091e+01
5.032006010518408345e+01 4.056508148519168344e+01
5.703547875448703763e+01 4.551873185482002526e+01
6.362885048835463664e+01 5.027798647633360218e+01
7.009892311545205246e+01 5.484816020628693423e+01
7.644444444444447129e+01 5.923456790123458404e+01
8.266416228399700117e+01 6.344252441773104323e+01
8.875682444277485672e+01 6.747734461233085312e+01
9.472117872944318151e+01 7.134434334158852664e+01
1.005559729526671902e+02 7.504883546205861933e+01
1.062599549211119694e+02 7.859613583029563699e+01
1.118318724434427054e+02 8.199155930285408544e+01
1.172704733283245844e+02 8.524042073628854155e+01
1.225745053844227783e+02 8.834803498715348269e+01
1.277427164204023882e+02 9.131971691200345731e+01
1.327738542449286570e+02 9.416078136739297122e+01
1.376666666666666856e+02 9.687654320987657286e+01
1.424199014942816461e+02 9.947231729600875383e+01
1.470323065364387674e+02 1.019534184823441194e+02
1.515026296018031644e+02 1.043251616254371328e+02
1.558296184990399809e+02 1.065928615818423140e+02
1.600120210368144171e+02 1.087618332081142114e+02
1.640485850237916452e+02 1.108373913608073735e+02
1.679380582686367802e+02 1.128248508964762777e+02
1.716791885800150510e+02 1.147295266716754725e+02
1.752707237665915727e+02 1.165567335429594920e+02
1.787114116370314605e+02 1.183117863668828420e+02
1.820000000000000000e+02 1.200000000000000568e+02
1.851352366641622780e+02 1.216266892988656707e+02
1.881158694381834948e+02 1.231971691200341894e+02
1.909406461307287941e+02 1.247167543200601472e+02
1.936083145504633194e+02 1.261907597554981066e+02
1.961176225060522711e+02 1.276245002829025452e+02
1.984673178061607928e+02 1.290232907588280113e+02
2.006561482594540848e+02 1.303924460398290250e+02
2.026828616745972340e+02 1.317372809824601063e+02
2.045462058602554407e+02 1.330631104432757752e+02
2.062449286250939053e+02 1.343752492788305801e+02
2.077777777777777999e+02 1.356790123456790695e+02
2.091435011269722111e+02 1.369797145003757066e+02
2.103408464813423393e+02 1.382826705994750682e+02
2.113685616495533850e+02 1.395931954995316460e+02
2.122253944402705201e+02 1.409166040570999883e+02
2.129100926621587746e+02 1.422582111287345867e+02
2.134214041238834625e+02 1.436233315709900182e+02
2.137580766341097274e+02 1.450172802404208028e+02
2.139188580015026560e+02 1.464453719935814320e+02
2.139024960347274202e+02 1.479129216870263974e+02
2.137077385424493059e+02 1.494252441773103328e+02
2.133333333333333712e+02 1.509876543209877013e+02
2.127780282160447314e+02 1.526054669746130230e+02
2.120405709992487004e+02 1.542839969947408463e+02
2.111197094916103367e+02 1.560285592379256627e+02
2.100141915017948122e+02 1.578444685607220492e+02
2.087227648384673273e+02 1.597370398196844974e+02
2.072441773102929972e+02 1.617115878713674988e+02
2.055771767259370506e+02 1.637734275723257156e+02
2.037205108940646312e+02 1.659278737791134972e+02
2.016729276233408541e+02 1.681802413482854490e+02
1.994331747224309481e+02 1.705358451363961478e+02
1.970000000000000000e+02 1.730000000000000284e+02
1.943721512647132386e+02 1.755780207956516676e+02
1.915483763252358358e+02 1.782752223799056139e+02
1.885274229902329068e+02 1.810969196093163305e+02
1.853080390683696237e+02 1.840484273404383657e+02
1.818889723683112436e+02 1.871350604298263249e+02
1.782689706987227964e+02 1.903621337340345576e+02
1.744467818682694542e+02 1.937349621096178112e+02
1.704211536856164457e+02 1.972588604131304351e+02
1.661908339594289430e+02 2.009391435011270346e+02
1.617545704983721180e+02 2.047811262301620729e+02
1.571111111111110858e+02 2.087901234567901554e+02
1.522592036063110186e+02 2.129714500375657735e+02
1.471975957926370882e+02 2.173304208290434190e+02
1.419250354787544666e+02 2.218723506877776970e+02
1.364402704733283258e+02 2.266025544703230707e+02
1.307420485850237810e+02 2.315263470332341171e+02
1.248291176225060752e+02 2.366490432330652709e+02
1.187002253944402810e+02 2.419759579263711373e+02
1.123541197094916271e+02 2.475124059697062080e+02
1.057895483763252429e+02 2.532637022196250598e+02
9.900525920360631460e+01 2.592351615326821275e+02
9.199999999999991473e+01 2.654320987654322153e+02
8.477251857417140002e+01 2.718598287744293884e+02
7.732156273478581454e+01 2.785236664162284796e+02
6.964588029050831608e+01 2.854289265473838668e+02
6.174421905000411925e+01 2.925809240244502121e+02
5.361532682193835342e+01 2.999849737039820070e+02
4.525795141497616214e+01 3.076463904425338001e+02
3.667084063778275294e+01 3.155704890966599123e+02
2.785274229902326937e+01 3.237625845229151764e+02
1.880240420736287277e+01 3.322279915778538566e+02
9.518574171466724465e+00 3.409720251180306150e+02
0.000000000000000000e+00 3.500000000000000000e+02
