-1.361675778828956932e-14 -7.659426255912883037e-15
1.435080835907281660e+01 1.320027640964279847e+01
2.795798202409772415e+01 2.582902486759235927e+01
4.083546205860256606e+01 3.789782118707739045e+01
5.299718952611515732e+01 4.941824118132659294e+01
6.445710549016334312e+01 6.040186066356866235e+01
7.522915101427500417e+01 7.086025544703232981e+01
8.532726716197791461e+01 8.080500134494626252e+01
9.476539499679998357e+01 9.024767417053922713e+01
1.035574755822689923e+02 9.919984973703984110e+01
1.117174499819127931e+02 1.076731038576768498e+02
1.192592592592593093e+02 1.156790123456790411e+02
1.261968444778362226e+02 1.232291510142749758e+02
1.325441467011715133e+02 1.303350956766934701e+02
1.383151069927929768e+02 1.370084221461631842e+02
1.435236664162284512e+02 1.432607062359128633e+02
1.481837660350057604e+02 1.491035237591711677e+02
1.523093469126527566e+02 1.545484505291667858e+02
1.559143501126972922e+02 1.596070623591285198e+02
1.590127166986671625e+02 1.642909350622849445e+02
1.616183877340902768e+02 1.686116444518648620e+02
1.637453042824944305e+02 1.725807663410969610e+02
1.654074074074074190e+02 1.762098765432098730e+02
1.666186381723572083e+02 1.795105508714324287e+02
1.673929376408715370e+02 1.824943651389932029e+02
1.677442468764783143e+02 1.851728951591210546e+02
1.676865069427053356e+02 1.875577167450445586e+02
1.672336589030804248e+02 1.896604057099924603e+02
1.663996438211314626e+02 1.914925378671935334e+02
1.651984027603862160e+02 1.930656890298763244e+02
1.636438767843726794e+02 1.943914350112697207e+02
1.617500069566185630e+02 1.954813516246023255e+02
1.595307343406517475e+02 1.963470146831028558e+02
1.570000000000000568e+02 1.970000000000000284e+02
1.541717449981913433e+02 1.974518833885225320e+02
1.510599103987534306e+02 1.977142406618990833e+02
1.476784372652141997e+02 1.977986476333583710e+02
1.440412666611013890e+02 1.977166801161291687e+02
1.401623396499429930e+02 1.974799139234400798e+02
1.360555972952667787e+02 1.970999248685199348e+02
1.317349806606005700e+02 1.965882887645973369e+02
1.272144308094722049e+02 1.959565814249010600e+02
1.225078888054095074e+02 1.952163786626596504e+02
1.176292957119404150e+02 1.943792562911020241e+02
1.125925925925925810e+02 1.934567901234568126e+02
1.074117205108940851e+02 1.924605559729526476e+02
1.021006205303725949e+02 1.914021296528183314e+02
9.667323371455604786e+01 1.902930869762825807e+02
9.114350112697225370e+01 1.891450037565740558e+02
8.552536383114896523e+01 1.879694558069213599e+02
7.983276289061419106e+01 1.867780189405534088e+02
7.407963936889561296e+01 1.855822689706987489e+02
6.827993432952114006e+01 1.843937817105861541e+02
6.244758883601856780e+01 1.832241329734442559e+02
5.659654395191583376e+01 1.820848985725018565e+02
5.074074074074077600e+01 1.809876543209877013e+02
4.489412026602109052e+01 1.799439760321303083e+02
3.907062359128477169e+01 1.789654395191585081e+02
3.328419178005955814e+01 1.780636205953010460e+02
2.754876589587334479e+01 1.772500950737865253e+02
2.187828700225394130e+01 1.765364387678437197e+02
1.628669616272922838e+01 1.759342274907012893e+02
1.078793444082700148e+01 1.754550370555880363e+02
5.395942900075127113e+00 1.751104432757325355e+02
1.246626040014433556e-01 1.749120219643635608e+02
-5.011965383866211710e+00 1.748713489347098289e+02
-9.999999999999985789e+00 1.750000000000000000e+02
-1.482550018087206922e+01 1.753095509734628195e+02
-1.947452486295458129e+01 1.758115776683270042e+02
-2.393313298271974077e+01 1.765176558978211858e+02
-2.818738347663963850e+01 1.774393614751741381e+02
-3.222333528118650747e+01 1.785882702136145781e+02
-3.602704733283245275e+01 1.799759579263711089e+02
-3.958457856804967889e+01 1.816140004266725896e+02
-4.288198792331027676e+01 1.835139735277476234e+02
-4.590533433508640826e+01 1.856874530428249557e+02
-4.864067673985029927e+01 1.881460147851332465e+02
-5.107407407407408328e+01 1.909012345679012412e+02
-5.319158527422990801e+01 1.939646882043575999e+02
-5.497926927678992826e+01 1.973479515077310964e+02
-5.642318501822634857e+01 2.010626002912504191e+02
-5.750939143501128115e+01 2.051202103681442281e+02
-5.822394746361689499e+01 2.095323575516412973e+02
-5.855291204051535203e+01 2.143106176549702582e+02
-5.848234410217881418e+01 2.194665664913598562e+02
-5.799830258507945757e+01 2.250117798740387798e+02
-5.708684642568941570e+01 2.309578336162357743e+02
-5.573403456048085047e+01 2.373163035311794999e+02
-5.392592592592590250e+01 2.440987654320988440e+02
-5.164857945849679766e+01 2.513167951322222109e+02
-4.888805409466564811e+01 2.589819684447784311e+02
-4.563040877090460867e+01 2.671058611829961933e+02
-4.186170242368587679e+01 2.757000491601042995e+02
-3.756799398948157886e+01 2.847761081893313531e+02
-3.273534240476386969e+01 2.943456140839061845e+02
-2.734980660600493607e+01 3.044201426570572835e+02
-2.139744552967692215e+01 3.150112697220135942e+02
-1.486431811225198985e+01 3.261305710920036063e+02
-7.736483290202293084e+00 3.377896225802562071e+02
0.000000000000000000e+00 3.500000000000000000e+02
