-1.021256834121717738e-14 5.957331532376686281e-15
8.678659877006978718e+00 5.230635092894050153e+00
1.708033503074824822e+01 1.039788147777128380e+01
2.520811419984973867e+01 1.550262960180315730e+01
3.306508612293737315e+01 2.054576991216109150e+01
4.065433953863706762e+01 2.552819285601654187e+01
4.797896318557477002e+01 3.045078888054094080e+01
5.504204580237639277e+01 3.531444843290572067e+01
6.184667612766789091e+01 4.012006196028233518e+01
6.839594290007515553e+01 4.486851990984221317e+01
7.469293485822412038e+01 4.956071272875679057e+01
8.074074074074076179e+01 5.419753086419752464e+01
8.654244928625095667e+01 5.877986476333582289e+01
9.210114923338065296e+01 6.330860487334313547e+01
9.741992932075578437e+01 6.778464164139091963e+01
1.025018782870022989e+02 7.220886551465062553e+01
1.073500848707460733e+02 7.658216694029364646e+01
1.119676378106130414e+02 8.090543636549143969e+01
1.163576258452291938e+02 8.517956423741544825e+01
1.205231377132204074e+02 8.940544100323712939e+01
1.244672621532126016e+02 9.358395711012789775e+01
1.281930879038317528e+02 9.771600300525918215e+01
1.317037037037037237e+02 1.018024691358024398e+02
1.350021982914545049e+02 1.058442459489290997e+02
1.380916604057100017e+02 1.098422238918106331e+02
1.409751787850961477e+02 1.137972934116184405e+02
1.436558421682388769e+02 1.177103449555239649e+02
1.461367392937641227e+02 1.215822689706986921e+02
1.484209589002977907e+02 1.254139559043139940e+02
1.505115897264657576e+02 1.292062962035413420e+02
1.524117205108940993e+02 1.329601803155522077e+02
1.541244399922086359e+02 1.366764986875179773e+02
1.556528369090353010e+02 1.403561417666100795e+02
1.570000000000000284e+02 1.439999999999999716e+02
1.581690180037287803e+02 1.476089638348591109e+02
1.591629796588474619e+02 1.511839237183589546e+02
1.599849737039820070e+02 1.547257700976709316e+02
1.606380888777583209e+02 1.582353934199664138e+02
1.611254139188023942e+02 1.617136841324169154e+02
1.614500375657400753e+02 1.651615326821938368e+02
1.616150485571973832e+02 1.685798295164686351e+02
1.616235356318001379e+02 1.719694650824127393e+02
1.614785875281743301e+02 1.753313298271976066e+02
1.611832929849459219e+02 1.786663141979946090e+02
1.607407407407407618e+02 1.819753086419753458e+02
1.601540195341848403e+02 1.852592036063110754e+02
1.594262181039040627e+02 1.885188895381732834e+02
1.585604251885243912e+02 1.917552568847334840e+02
1.575597295266717310e+02 1.949691960931630490e+02
1.564272198569719592e+02 1.981615976106334358e+02
1.551659849180510662e+02 2.013333518843160732e+02
1.537791134485349858e+02 2.044853493613824185e+02
1.522696941870495948e+02 2.076184804890039004e+02
1.506408158722208270e+02 2.107336357143519763e+02
1.488955672426747014e+02 2.138317054845980749e+02
1.470370370370370665e+02 2.169135802469136252e+02
1.450683139939338275e+02 2.199801504484700558e+02
1.429924868519910035e+02 2.230323065364387958e+02
1.408126443498344429e+02 2.260709389579913591e+02
1.385318752260901363e+02 2.290969381602990893e+02
1.361532682193839321e+02 2.321111945905335006e+02
1.336799120683418209e+02 2.351145986958659364e+02
1.311148955115897365e+02 2.381080409234679962e+02
1.284613072877535842e+02 2.410924117205109383e+02
1.257222361354592834e+02 2.440686015341663051e+02
1.229007707933327822e+02 2.470375008116055255e+02
1.200000000000000000e+02 2.500000000000000284e+02
1.170230124940868848e+02 2.529569895465212426e+02
1.139728970142193560e+02 2.559093598983406537e+02
1.108527422990233049e+02 2.588580015026295769e+02
1.076656370871247077e+02 2.618038048065596399e+02
1.044146701171494840e+02 2.647476602573021864e+02
1.011029301277235533e+02 2.676904583020285600e+02
9.773350585747277819e+01 2.706330893879103314e+02
9.430948604502320620e+01 2.735764439621189581e+02
9.083395942900072839e+01 2.765214124718257267e+02
8.731001474803126428e+01 2.794688853642022082e+02
8.374074074074073337e+01 2.824197530864198029e+02
8.012922614575505520e+01 2.853749060856499113e+02
7.647855970170017770e+01 2.883352348090639907e+02
7.279183014720203460e+01 2.913016297038335551e+02
6.907212622088655962e+01 2.942749812171300050e+02
6.532253666137964387e+01 2.972561797961247407e+02
6.154615020730723529e+01 3.002461158879892196e+02
5.774605559729526760e+01 3.032456799398948419e+02
5.392534156996968164e+01 3.062557623990130651e+02
5.008709686395637561e+01 3.092772537125154031e+02
4.623441021788129746e+01 3.123110443275731996e+02
4.237037037037032405e+01 3.153580246913580822e+02
3.849806606004949572e+01 3.184190852510412242e+02
3.462058602554466802e+01 3.214951164537941963e+02
3.074101900548178179e+01 3.245870087467883423e+02
2.686245373848676721e+01 3.276956525771952897e+02
2.298797896318555445e+01 3.308219383921863823e+02
1.912068341820405948e+01 3.339667566389330204e+02
1.526365584216822313e+01 3.371309977646066045e+02
1.141998497370397203e+01 3.403155522163787055e+02
7.592759551437231025e+00 3.435213104414206668e+02
3.785068313993930289e+00 3.467491628869039459e+02
0.000000000000000000e+00 3.500000000000000000e+02
